2 0.945801 0.298864 0.106445 0.0727273
2 0.977539 0.344886 0.0449219 0.0715909
2 0.629395 0.282386 0.0361328 0.0329545
2 0.831543 0.289205 0.0654297 0.0488636
2 0.362793 0.370455 0.135742 0.1
2 0.551758 0.284659 0.0410156 0.0352273
2 0.59082 0.284091 0.0449219 0.0340909
2 0.776367 0.285795 0.0546875 0.0511364
2 0.508301 0.296023 0.0810547 0.0534091
2 0.464844 0.317045 0.0878906 0.0727273
2 0.399414 0.338068 0.140625 0.0761364
2 0.724121 0.288068 0.0498047 0.0579545
2 0.667969 0.291477 0.0566406 0.0579545
2 0.907715 0.377841 0.18457 0.160227
2 0.769531 0.3875 0.136719 0.147727
0 0.428711 0.44375 0.0585938 0.173864
2 0.211914 0.395455 0.332031 0.163636
