2 0.285645 0.294886 0.0517578 0.0284091
2 0.305176 0.409659 0.237305 0.151136
2 0.638184 0.288636 0.0458984 0.0431818
2 0.711914 0.313068 0.152344 0.0852273
2 0.171875 0.31875 0.0761719 0.0465909
2 0.356445 0.30625 0.0800781 0.0534091
2 0.461426 0.364773 0.163086 0.0840909
2 0.222656 0.305682 0.078125 0.05
2 0.745605 0.361932 0.118164 0.0920455
2 0.869629 0.346023 0.166992 0.123864
2 0.0874023 0.407955 0.174805 0.129545
2 0.596191 0.364205 0.125977 0.0829545
2 0.96582 0.361364 0.0683594 0.1
2 0.178223 0.403409 0.231445 0.145455
